circle 514 339 1.37327
circle 93 325 2.57649
circle 5 240 3.39537
circle 9 519 1.36888
circle 215 408 2.80428
circle 111 58 3.80691
circle 569 177 2.01975
circle 446 3 3.91256
circle 94 390 3.44426
circle 608 361 2.6491
circle 181 334 2.79211
circle 246 41 1.47874
circle 411 335 3.90533
circle 291 392 1.81814
circle 93 519 2.48183
circle 183 106 2.63894
circle 418 63 1.78884
circle 129 67 1.00586
circle 216 111 3.72002
circle 40 367 1.59346
circle 676 58 1.86053
circle 556 173 3.04563
circle 428 366 1.91418
circle 386 273 3.32551
circle 307 415 3.3083
circle 379 326 2.80978
circle 24 229 3.38942
circle 677 498 3.6878
circle 241 309 3.74136
circle 591 21 1.1214
circle 546 194 1.15867
circle 77 363 3.45808
circle 24 348 1.08487
circle 438 425 3.46055
circle 371 86 1.23173
circle 126 190 1.89221
circle 654 390 3.0286
circle 152 138 3.74566
circle 272 188 1.86612
circle 308 93 3.80563
circle 583 447 1.18274
circle 256 357 2.9743
circle 19 236 3.66884
circle 247 251 3.71654
circle 96 306 3.60109
circle 508 160 3.00131
circle 282 176 3.95322
circle 270 193 2.08008
circle 177 293 1.82354
circle 623 379 1.23704
circle 30 270 2.25788
circle 107 68 2.14655
circle 427 463 2.09848
circle 62 24 1.54714
circle 166 199 3.43474
circle 679 510 3.47227
circle 571 40 2.93722
circle 217 29 1.13395
circle 93 62 3.21052
circle 583 321 3.61757
circle 390 49 3.66015
circle 548 280 1.68291
circle 338 284 2.63042
circle 599 68 3.06101
circle 78 221 1.08808
circle 327 209 1.55254
circle 566 155 3.28779
circle 84 423 3.86129
circle 132 247 2.03778
circle 385 191 2.29157
circle 676 425 2.74752
circle 471 185 3.09919
circle 494 118 2.77517
circle 51 508 1.2624
circle 68 263 2.06928
circle 384 29 1.62899
circle 51 366 2.08438
circle 12 490 3.65511
circle 169 217 2.83679
circle 40 241 2.17338
circle 109 463 2.10846
circle 640 75 1.66863
circle 525 24 2.59801
circle 332 519 2.2891
circle 126 435 3.61702
circle 629 340 2.14628
circle 225 214 2.12549
circle 350 143 1.23923
circle 454 203 3.85919
circle 336 10 2.4409
circle 457 1 3.39967
circle 525 149 2.29954
circle 493 330 3.6552
circle 93 488 1.79516
circle 647 443 2.72408
circle 591 191 2.53182
circle 76 86 1.88598
circle 365 519 2.01709
circle 615 207 2.87725
circle 285 75 2.5558
circle 465 147 2.0343
circle 140 87 3.73019
circle 4 72 3.70803
circle 135 207 1.34993
circle 163 298 2.93558
circle 619 22 2.98273
circle 146 479 1.08057
circle 193 408 2.61321
circle 547 242 1.39378
circle 363 215 3.49452
circle 219 443 1.57524
circle 341 327 3.71764
circle 516 349 2.81857
circle 530 501 1.32429
circle 341 397 1.8511
circle 330 385 2.78506
circle 420 421 1.54045
circle 66 72 2.23792
circle 4 475 3.07776
circle 333 71 3.91797
circle 283 159 1.95996
circle 231 247 1.55885
circle 37 68 3.34089
circle 679 30 2.11478
circle 268 376 3.1868
circle 176 374 1.7828
circle 331 61 2.429
circle 494 471 2.90399
circle 123 359 3.32551
circle 98 74 3.73705
circle 238 451 3.90762
circle 623 201 1.22385
circle 285 322 3.06421
circle 169 460 1.56563
circle 65 66 3.88574
circle 188 446 1.58385
circle 78 141 1.72182
circle 159 163 1.32264
circle 186 348 2.38368
circle 322 444 1.03442
circle 199 247 1.41108
circle 633 485 3.4536
circle 656 349 2.70504
circle 397 406 1.98074
circle 199 518 3.47273
circle 519 391 1.9465
circle 408 254 1.72146
circle 367 498 3.36717
circle 517 422 3.83685
circle 68 491 3.43556
circle 576 175 2.47633
circle 662 500 1.26798
circle 282 494 1.4695
circle 630 170 2.03494
circle 40 218 1.0119
circle 636 115 1.4131
circle 36 3 2.55892
circle 31 435 3.18891
circle 174 268 2.82864
circle 141 506 2.67968
circle 305 223 1.59731
circle 45 203 2.31419
circle 338 495 2.87991
circle 540 386 2.08274
circle 481 516 3.01733
circle 390 109 2.52083
circle 514 462 2.51222
circle 62 23 1.29499
circle 199 125 1.53551
circle 184 91 1.18888
circle 630 319 3.25318
circle 154 352 2.22712
circle 649 205 2.86233
circle 255 94 2.68471
circle 527 103 2.8562
circle 352 243 1.6993
circle 407 300 2.93338
circle 190 19 1.9964
circle 668 458 2.5071
circle 161 265 2.73672
circle 96 470 1.3177
circle 99 7 2.57128
circle 605 249 2.59966
circle 39 486 1.51857
circle 404 38 2.96121
circle 518 253 1.13514
circle 435 312 1.98441
circle 550 156 3.51329
circle 629 90 2.91919
circle 226 365 2.77544
circle 464 280 2.09977
circle 626 289 3.82998
circle 183 191 1.23594
circle 598 128 2.06919
circle 580 377 3.8894
circle 418 358 3.31809
circle 75 8 3.62755
circle 365 161 2.53749
circle 384 468 1.91299
circle 492 489 1.4467
circle 46 11 1.12195
circle 548 14 1.20664
circle 550 207 2.55745
circle 314 453 1.49403
circle 648 500 1.31697
circle 252 160 1.55931
circle 552 65 1.75259
circle 509 17 2.07862
circle 370 381 2.40693
circle 488 152 2.65386
circle 505 241 3.10001
circle 505 231 1.56389
circle 415 117 3.6389
circle 536 379 3.69631
circle 426 265 2.82022
circle 256 462 1.36686
circle 327 511 3.35234
circle 534 423 1.84396
circle 590 160 1.42354
circle 667 10 1.70241
circle 464 30 3.25904
circle 199 102 1.52315
circle 312 23 1.51335
circle 653 155 2.7944
circle 150 72 3.11951
circle 150 98 1.04129
circle 323 67 3.62462
circle 649 452 2.08438
circle 644 208 1.47188
circle 605 418 1.77584
circle 634 508 1.50722
circle 207 149 3.47081
circle 140 391 1.57039
circle 85 109 2.71996
circle 586 285 3.75875
circle 290 163 2.107
circle 100 28 2.18848
circle 224 493 1.66753
circle 661 244 2.21192
circle 13 262 2.79284
circle 538 178 2.44346
circle 228 502 1.81759
circle 64 291 3.98572
circle 542 19 2.48769
circle 353 27 3.29951
circle 626 503 3.08032
circle 135 456 2.60387
circle 547 228 3.9794
circle 140 323 1.90374
circle 254 55 3.86486
circle 544 489 2.08841
circle 12 189 3.23688
circle 507 280 3.41386
circle 8 348 1.63155
circle 78 131 2.43376
circle 488 312 2.48146
circle 156 479 1.46986
circle 236 345 2.98868
circle 664 484 3.36808
circle 491 100 3.50514
circle 285 498 2.97192
circle 455 407 1.61516
circle 497 151 3.80801
circle 599 282 3.26783
circle 559 64 3.3137
circle 603 6 3.79144
circle 433 224 2.91296
circle 130 17 3.30656
circle 189 324 2.73379
circle 556 83 2.81811
circle 155 319 1.14548
circle 504 314 3.98471
circle 533 483 2.93667
circle 266 268 3.10514
circle 33 201 1.24345
circle 362 414 1.11573
circle 238 383 2.64251
circle 105 10 1.21186
circle 142 229 1.51061
circle 343 447 3.99094
circle 211 265 3.2204
circle 487 95 3.61986
circle 162 411 2.33186
circle 464 252 2.3412
circle 288 333 1.06226
circle 621 497 3.51878
circle 563 356 3.31938
circle 169 306 3.26847
circle 475 263 1.85275
circle 225 38 2.38789
circle 354 389 2.996
circle 310 384 2.67217
circle 580 295 3.39216
circle 42 424 1.65325
circle 196 172 2.42167
circle 500 441 3.20731
circle 48 248 3.1283
circle 165 378 2.20267
circle 675 112 3.66967
circle 402 175 3.30171
circle 100 300 15
circle 100 335 25
circle 100 390 40
circle 95 298 2
circle 105 298 2
line 96 305 104 305 2
line 80 320 60 310 2
line 120 320 140 310 2
circle 250 300 15
circle 250 335 25
circle 250 390 40
circle 245 298 2
circle 255 298 2
line 246 305 254 305 2
line 230 320 210 310 2
line 270 320 290 310 2
circle 400 300 15
circle 400 335 25
circle 400 390 40
circle 395 298 2
circle 405 298 2
line 396 305 404 305 2
line 380 320 360 310 2
line 420 320 440 310 2
circle 550 300 15
circle 550 335 25
circle 550 390 40
circle 545 298 2
circle 555 298 2
line 546 305 554 305 2
line 530 320 510 310 2
line 570 320 590 310 2
line 10 58 10 10 2
line 10 34 42 34 2
line 42 10 42 58 2
line 58 58 58 26 2
line 58 26 74 10 2
line 74 10 90 26 2
line 90 26 90 58 2
line 58 42 90 42 2
line 106 58 106 10 2
line 106 10 138 10 2
line 138 10 138 34 2
line 138 34 106 38 2
line 154 58 154 10 2
line 154 10 186 10 2
line 186 10 186 34 2
line 186 34 154 38 2
line 202 10 218 34 2
line 218 34 234 10 2
line 218 34 218 58 2
line 298 58 298 10 2
line 298 10 330 58 2
line 330 58 330 10 2
line 378 58 346 58 2
line 346 58 346 10 2
line 346 10 378 10 2
line 346 34 370 34 2
line 394 10 402 58 2
line 402 58 410 42 2
line 410 42 418 58 2
line 418 58 426 10 2
line 490 10 506 34 2
line 506 34 522 10 2
line 506 34 506 58 2
line 570 58 538 58 2
line 538 58 538 10 2
line 538 10 570 10 2
line 538 34 562 34 2
line 586 58 586 26 2
line 586 26 602 10 2
line 602 10 618 26 2
line 618 26 618 58 2
line 586 42 618 42 2
line 634 58 634 10 2
line 634 10 666 10 2
line 666 10 666 34 2
line 666 34 634 38 2
line 650 38 666 58 2
line 60 480 68 488 2
line 68 488 92 488 2
line 92 488 92 468 2
line 92 468 60 460 2
line 60 460 60 440 2
line 60 440 84 440 2
line 84 440 92 448 2
line 108 488 108 456 2
line 108 456 124 440 2
line 124 440 140 456 2
line 140 456 140 488 2
line 108 472 140 472 2
line 156 488 188 440 2
line 156 440 188 488 2
line 204 488 236 488 2
line 220 488 220 440 2
line 204 440 236 440 2
line 252 488 252 440 2
line 252 440 284 440 2
line 284 440 284 488 2
line 284 488 252 488 2
line 300 488 300 440 2
line 300 440 332 488 2
line 332 488 332 440 2
line 396 488 428 440 2
line 524 488 492 488 2
line 492 488 492 440 2
line 492 440 524 440 2
line 544 464 568 464 2
line 556 452 556 476 2
line 592 464 616 464 2
line 604 452 604 476 2
